AUX6 - 5
1000
1157
1378
1598
1811
2000

1 through 4 - Air65 + Reaper
vtx 0 5 0 0 1 900 1100
vtx 1 5 0 0 2 1100 1200
vtx 2 5 0 0 3 1300 1400
vtx 3 5 0 0 4 1500 1700
vtx 4 5 0 0 4 1800 1900
vtx 5 5 0 0 4 1900 2100

3 through 5 - fyuigion
vtx 0 5 0 0 3 900 1100
vtx 1 5 0 0 4 1100 1200
vtx 2 5 0 0 5 1300 1400
vtx 3 5 0 0 5 1500 1700
vtx 4 5 0 0 5 1800 1900
vtx 5 5 0 0 5 1900 2100

1 through 5 - sologood 1 watt
vtx 0 5 0 0 1 900 1100
vtx 1 5 0 0 2 1100 1200
vtx 2 5 0 0 3 1300 1400
vtx 3 5 0 0 4 1500 1700
vtx 4 5 0 0 5 1800 1900
vtx 5 5 0 0 5 1900 2100
